1671881
1848636
2491010
7668252
8755918
9294109
9647766
9746003
10491763
11009181
12442272
14722929
15064320
15069170
15086325
15111599
15177686
15191352
15198485
15233872
15241482
15459183
15459975
15464247
15485686
15583840
15602202
15630069
15668505
15673851
15755837
15807692
15811908
15817013
15820770
15859361
15867855
15951966
16000134
16120104
16157158
16181814
16200390
16225977
16288197
16364460
16391785
16410744
16412238
16526029
16541406
16575011
16720068
16801510
16810074
16840830
16849419
16867246
16920333
17003357
17033686
17059986
17074608
17083016
17151160
17166870
17192049
17194457
17221831
17255138
17297207
17304550
17491223
17549393
17595233
17600377
17628794
17671735
17683901
17854040
17951029
17959715
17965424
17975693
18050247
18166824
18189233
18310445
18366737
18385794
18410548
18439317
18439803
18457324
18503483
18507837
18544179
18657397
18681856
18779591
18808529
18945288
19037252
19048115
19067809
19082493
19101703
19108278
19208385
19276632
19306381
19346865
19365571
19370764
19445921
19463742
19508969
19536134
19672862
19681452
19721134
19779499
19789368
19825989
19880293
19891556
19957053
20005218
20046642
20129423
20143913
20226780
20331935
20335448
20415560
20428796
20477932
20510337
20523265
20558148
20588063
20606392
20621845
20651814
20705401
20709368
20722491
20801104
20846357
20859899
20959502
21042587
21080147
21126715
21135151
21163864
21219851
21325775
21682595
21684788
21750150
21879313
21903317
21976953
22051099
22808010
22859398
23069675
23791840
23864035
23949582
24014394
24036311
24309294
24442316
24477591
24588023
24623966
24632946
24671324
24743235
24842192
24911645
25054547
25119790
25218136
25277705
25550469
25589620
25622904
25979836
26115410
26270232
26615423
26847345
26900322
27084744
27090298
27103577
27172902
27184800
27491646
27509880
27729412
27840894
27860244
27866394
27930654
27941998
27993978
28075473
28101574
28148288
28204828
28260056
28368537
28393239
28398555
28468941
28604678
28650467
28777492
29049388
29183288
30836660
7905839
10661407
10788334
11054569
11773892
15122711
15184369
15579441
15770495
16005363
16112787
16781314
16867021
17035713
17185386
17344330
17634480
17879945
18470323
18672102
19394258
20534142
20540798
20801540
21070631
21405999
21615796
21904390
22711886
22836123
25006961
25874935
26991973
27798239
28151486
28518143
28584052
7468724
8829135
15042318
15266215
15461822
15523499
15748645
15749661
15814629
15897593
15983230
15991002
16018252
16152606
16158428
16252083
16288199
16309808
16506214
16611040
16820346
16838170
16843501
17177139
17277899
17345627
17910065
18046082
18674790
19207031
19565319
19889778
19914299
19996135
20080916
20105310
20126413
20534762
20828385
20949073
20973483
21238926
21695597
23285048
24100257
24914936
26411452
27464336
27630165
27959382
28368423
28411266
28416580
28428256
28660748
28846666
28851297
28883039
