1671881
1848636
2491010
7668252
8755918
9294109
9647766
9672936
11009181
12442272
14722929
15018851
15033202
15064320
15069170
15086325
15177686
15191352
15198485
15200408
15241482
15459975
15464247
15485686
15583840
15599941
15602202
15609295
15630069
15649253
15668505
15673851
15754732
15755837
15807692
15817013
15820770
15859361
15867855
15893386
15951966
16000134
16116131
16157158
16167916
16186368
16200390
16225977
16277682
16369751
16410744
16412238
16418600
16526029
16574713
16596970
16720068
16801510
16810074
16840830
16867246
16920333
17003357
17006606
17033686
17059986
17083016
17166870
17192049
17221831
17255138
17297207
17304550
17395743
17491223
17549393
17595233
17628794
17671735
17683901
17951029
17965424
17975693
18050247
18165598
18166824
18179903
18189233
18310445
18356633
18439803
18457324
18503483
18507837
18544179
18593936
18657397
18779591
18808529
19037252
19067809
19082493
19108278
19160446
19208385
19234905
19276632
19306381
19319147
19346865
19370764
19463742
19484664
19536134
19549709
19631624
19672862
19681452
19707748
19759529
19779499
19825989
19881468
19891556
20005218
20034406
20046642
20129423
20143913
20226780
20331935
20335448
20415560
20431083
20510337
20523265
20558148
20588063
20606392
20705401
20708777
20709368
20722491
20801104
20854438
20859899
20959502
21042587
21054465
21080147
21126715
21135151
21163864
21219851
21325775
21666969
21682595
21750150
21879313
21903317
21976953
22051099
22808010
22859398
23069675
23791840
23864035
24036311
24055495
24442316
24587916
24588023
24623966
24632946
24671324
24742750
24840785
24842192
24911645
25054547
25119790
25218136
25277705
25550469
25622904
25946186
25979836
26102294
26270232
26449539
26615423
26937641
27084744
27090298
27103577
27172902
27292643
27491646
27643404
27860244
27930654
27941998
27959387
27993978
27999109
28068934
28075473
28101574
28148288
28204828
28259923
28260056
28346429
28368537
28468941
28472177
28604678
28747658
29183288
30836660
2422478
7905839
10661407
10788334
11773892
15000256
15122711
15184369
15579441
15686794
15770495
15858223
16005363
16046395
16051693
16574712
16867021
17185386
17634480
18470323
18672102
19394258
19841052
20534142
20540798
20801540
21070631
21405999
21615796
22711886
23952588
25006961
26684240
26991973
27798239
28151486
28260110
28518143
28584052
1353340
7468724
8829135
15042318
15130900
15461822
15523499
15749661
15814629
15983230
15991002
16018252
16152606
16252083
16288199
16309808
16611040
16820346
16838170
16843501
17065198
17177139
17277899
17345627
17910065
18046082
18483878
18541230
18674790
19565319
19624920
19889778
19914299
19996135
20080916
20401977
20534762
20583543
20682662
20828385
20949073
20973483
21130517
21238926
24100257
24709919
24914936
27630165
27959382
28260077
28411266
28416580
28428256
28487437
28512644
28660748
28846666
28883039
