1671881
1848636
2491010
8755918
9294109
9672936
9746003
10491763
12442272
15018851
15033202
15064320
15069170
15086325
15111599
15191352
15198485
15200408
15233872
15241482
15459183
15459975
15599941
15602202
15609295
15649253
15668505
15673851
15754732
15755837
15807692
15811908
15817013
15820770
15859361
15893386
16000134
16116131
16120104
16167916
16181814
16186368
16200390
16225977
16277682
16288197
16364460
16369751
16391785
16410744
16412238
16418600
16526029
16541406
16574713
16575011
16596970
16720068
16810074
16840830
16849419
16867246
16920333
17003357
17006606
17033686
17059986
17074608
17083016
17151160
17194457
17221831
17255138
17297207
17304550
17395743
17549393
17600377
17628794
17683901
17854040
17951029
17959715
18050247
18165598
18166824
18179903
18310445
18356633
18366737
18385794
18410548
18439317
18439803
18457324
18503483
18507837
18593936
18657397
18681856
18779591
18808529
18945288
19048115
19067809
19101703
19108278
19160446
19234905
19276632
19319147
19365571
19370764
19445921
19463742
19484664
19508969
19536134
19549709
19631624
19672862
19707748
19721134
19759529
19779499
19789368
19880293
19881468
19891556
19957053
20034406
20046642
20129423
20331935
20335448
20428796
20431083
20477932
20510337
20558148
20588063
20621845
20651814
20705401
20708777
20709368
20722491
20801104
20846357
20854438
21042587
21054465
21080147
21126715
21135151
21163864
21219851
21325775
21666969
21684788
21879313
22051099
22808010
23069675
23791840
23864035
23949582
24014394
24036311
24055495
24309294
24477591
24587916
24623966
24632946
24671324
24742750
24743235
24840785
24842192
24911645
25054547
25589620
25946186
25979836
26102294
26115410
26270232
26449539
26847345
26900322
26937641
27084744
27090298
27172902
27184800
27292643
27509880
27643404
27729412
27840894
27860244
27866394
27930654
27941998
27959387
27993978
27999109
28068934
28075473
28101574
28148288
28204828
28259923
28260056
28346429
28368537
28393239
28398555
28472177
28604678
28650467
28747658
28777492
29049388
29183288
30836660
2422478
11054569
15000256
15686794
15858223
16005363
16046395
16051693
16112787
16574712
16781314
16867021
17035713
17185386
17344330
17634480
17879945
18470323
18672102
19394258
19841052
20534142
20540798
20801540
21070631
21615796
21904390
22711886
22836123
23952588
25874935
26684240
26991973
27798239
28151486
28260110
28584052
1353340
7468724
15042318
15130900
15266215
15461822
15523499
15748645
15897593
15983230
16018252
16152606
16158428
16252083
16288199
16309808
16506214
16611040
16820346
16838170
16843501
17065198
17177139
17345627
17910065
18483878
18541230
18674790
19207031
19624920
19889778
20080916
20105310
20126413
20401977
20534762
20583543
20682662
20828385
20949073
21130517
21695597
23285048
24709919
24914936
26411452
27464336
27959382
28260077
28368423
28411266
28428256
28487437
28512644
28660748
28846666
28851297
