1671881
7668252
9294109
9647766
9672936
9746003
10491763
11009181
14722929
15018851
15033202
15064320
15111599
15177686
15191352
15198485
15200408
15233872
15459183
15459975
15464247
15485686
15583840
15599941
15602202
15609295
15630069
15649253
15668505
15673851
15754732
15755837
15807692
15811908
15820770
15867855
15893386
15951966
16116131
16120104
16157158
16167916
16181814
16186368
16277682
16288197
16364460
16369751
16391785
16412238
16418600
16541406
16574713
16575011
16596970
16720068
16801510
16849419
16867246
17003357
17006606
17074608
17151160
17166870
17192049
17194457
17221831
17255138
17297207
17395743
17491223
17595233
17600377
17671735
17683901
17854040
17951029
17959715
17965424
17975693
18165598
18179903
18189233
18356633
18366737
18385794
18410548
18439317
18439803
18457324
18507837
18544179
18593936
18681856
18808529
18945288
19037252
19048115
19067809
19082493
19101703
19108278
19160446
19208385
19234905
19306381
19319147
19346865
19365571
19370764
19445921
19484664
19508969
19549709
19631624
19681452
19707748
19721134
19759529
19789368
19825989
19880293
19881468
19891556
19957053
20005218
20034406
20046642
20129423
20143913
20226780
20415560
20428796
20431083
20477932
20510337
20523265
20606392
20621845
20651814
20708777
20801104
20846357
20854438
20859899
20959502
21054465
21163864
21666969
21682595
21684788
21750150
21879313
21903317
21976953
22808010
22859398
23791840
23864035
23949582
24014394
24036311
24055495
24309294
24442316
24477591
24587916
24588023
24623966
24671324
24742750
24743235
24840785
24842192
24911645
25119790
25218136
25277705
25550469
25589620
25622904
25946186
25979836
26102294
26115410
26270232
26449539
26615423
26847345
26900322
26937641
27084744
27090298
27103577
27184800
27292643
27491646
27509880
27643404
27729412
27840894
27866394
27930654
27959387
27993978
27999109
28068934
28101574
28148288
28259923
28346429
28368537
28393239
28398555
28468941
28472177
28604678
28650467
28747658
28777492
29049388
2422478
7905839
10661407
10788334
11054569
11773892
15000256
15122711
15184369
15579441
15686794
15770495
15858223
16046395
16051693
16112787
16574712
16781314
16867021
17035713
17185386
17344330
17634480
17879945
18470323
18672102
19394258
19841052
20540798
20801540
21070631
21405999
21615796
21904390
22836123
23952588
25006961
25874935
26684240
27798239
28151486
28260110
28518143
28584052
1353340
8829135
15130900
15266215
15748645
15749661
15814629
15897593
15983230
15991002
16158428
16252083
16309808
16506214
16820346
17065198
17177139
17277899
17910065
18046082
18483878
18541230
19207031
19565319
19624920
19889778
19914299
19996135
20080916
20105310
20126413
20401977
20534762
20583543
20682662
20973483
21130517
21238926
21695597
23285048
24100257
24709919
24914936
26411452
27464336
27630165
27959382
28260077
28368423
28416580
28487437
28512644
28660748
28846666
28851297
28883039
